0 0 0 0 0 0 0 0 100.0 0 0 0 
0 0 0 0 0 0 0 0 99.99500004166653 0 0 0 
0 0 0 0 0 0 0 0 99.98000066665777 0 0 0 
0 0 0 0 0 0 0 0 99.95500337489875 0 0 0 
0 0 0 0 0 0 0 0 99.9200106660978 0 0 0 
0 0 0 0 0 0 0 0 99.87502603949663 0 0 0 
0 0 0 0 0 0 0 0 99.82005399352042 0 0 0 
0 0 0 0 0 0 0 0 99.75510002532796 0 0 0 
0 0 0 0 0 0 0 0 99.68017063026194 0 0 0 
0 0 0 0 0 0 0 0 99.59527330119943 0 0 0 
0 0 0 0 0 0 0 0 99.50041652780259 0 0 0 
0 0 0 0 0 0 0 0 99.39560979566969 0 0 0 
0 0 0 0 0 0 0 0 99.28086358538663 0 0 0 
0 0 0 0 0 0 0 0 99.1561893714788 0 0 0 
0 0 0 0 0 0 0 0 99.02159962126372 0 0 0 
0 0 0 0 0 0 0 0 98.87710779360422 0 0 0 
0 0 0 0 0 0 0 0 98.7227283375627 0 0 0 
0 0 0 0 0 0 0 0 98.55847669095607 0 0 0 
0 0 0 0 0 0 0 0 98.38436927881214 0 0 0 
0 0 0 0 0 0 0 0 98.20042351172702 0 0 0 
0 0 0 0 0 0 0 0 98.00665778412416 0 0 0 
0 0 0 0 0 0 0 0 97.80309147241482 0 0 0 
0 0 0 0 0 0 0 0 97.58974493306056 0 0 0 
0 0 0 0 0 0 0 0 97.36663950053749 0 0 0 
0 0 0 0 0 0 0 0 97.13379748520296 0 0 0 
0 0 0 0 0 0 0 0 96.89124217106448 0 0 0 
0 0 0 0 0 0 0 0 96.63899781345133 0 0 0 
0 0 0 0 0 0 0 0 96.37708963658905 0 0 0 
0 0 0 0 0 0 0 0 96.10554383107709 0 0 0 
0 0 0 0 0 0 0 0 95.82438755126972 0 0 0 
0 0 0 0 0 0 0 0 95.5336489125606 0 0 0 
0 0 0 0 0 0 0 0 95.23335698857134 0 0 0 
0 0 0 0 0 0 0 0 94.92354180824408 0 0 0 
0 0 0 0 0 0 0 0 94.6042343528387 0 0 0 
0 0 0 0 0 0 0 0 94.27546655283462 0 0 0 
0 0 0 0 0 0 0 0 93.93727128473789 0 0 0 
0 0 0 0 0 0 0 0 93.58968236779349 0 0 0 
0 0 0 0 0 0 0 0 93.23273456060345 0 0 0 
0 0 0 0 0 0 0 0 92.86646355765103 0 0 0 
0 0 0 0 0 0 0 0 92.4909059857313 0 0 0 
0 0 0 0 0 0 0 0 92.10609940028851 0 0 0 
0 0 0 0 0 0 0 0 91.71208228166051 0 0 0 
0 0 0 0 0 0 0 0 91.30889403123082 0 0 0 
0 0 0 0 0 0 0 0 90.8965749674885 0 0 0 
0 0 0 0 0 0 0 0 90.47516632199634 0 0 0 
0 0 0 0 0 0 0 0 90.04471023526769 0 0 0 
0 0 0 0 0 0 0 0 89.60524975255252 0 0 0 
0 0 0 0 0 0 0 0 89.15682881953289 0 0 0 
0 0 0 0 0 0 0 0 88.69949227792841 0 0 0 
0 0 0 0 0 0 0 0 88.23328586101215 0 0 0 
0 0 0 0 0 0 0 0 87.75825618903727 0 0 0 
0 0 0 0 0 0 0 0 87.27445076457514 0 0 0 
0 0 0 0 0 0 0 0 86.78191796776498 0 0 0 
0 0 0 0 0 0 0 0 86.2807070514761 0 0 0 
0 0 0 0 0 0 0 0 85.77086813638242 0 0 0 
0 0 0 0 0 0 0 0 85.25245220595056 0 0 0 
0 0 0 0 0 0 0 0 84.72551110134161 0 0 0 
0 0 0 0 0 0 0 0 84.19009751622687 0 0 0 
0 0 0 0 0 0 0 0 83.64626499151869 0 0 0 
0 0 0 0 0 0 0 0 83.09406791001635 0 0 0 
0 0 0 0 0 0 0 0 82.53356149096783 0 0 0 
0 0 0 0 0 0 0 0 81.96480178454796 0 0 0 
0 0 0 0 0 0 0 0 81.38784566625338 0 0 0 
0 0 0 0 0 0 0 0 80.80275083121519 0 0 0 
0 0 0 0 0 0 0 0 80.20957578842925 0 0 0 
0 0 0 0 0 0 0 0 79.60837985490559 0 0 0 
0 0 0 0 0 0 0 0 78.99922314973651 0 0 0 
0 0 0 0 0 0 0 0 78.38216658808493 0 0 0 
0 0 0 0 0 0 0 0 77.7572718750928 0 0 0 
0 0 0 0 0 0 0 0 77.12460149971065 0 0 0 
0 0 0 0 0 0 0 0 76.48421872844884 0 0 0 
0 0 0 0 0 0 0 0 75.83618759905082 0 0 0 
0 0 0 0 0 0 0 0 75.18057291408951 0 0 0 
0 0 0 0 0 0 0 0 74.51744023448704 0 0 0 
0 0 0 0 0 0 0 0 73.8468558729588 0 0 0 
0 0 0 0 0 0 0 0 73.16888688738209 0 0 0 
0 0 0 0 0 0 0 0 72.48360107409052 0 0 0 
0 0 0 0 0 0 0 0 71.79106696109434 0 0 0 
0 0 0 0 0 0 0 0 71.09135380122773 0 0 0 
0 0 0 0 0 0 0 0 70.38453156522361 0 0 0 
0 0 0 0 0 0 0 0 69.67067093471654 0 0 0 
0 0 0 0 0 0 0 0 68.9498432951747 0 0 0 
0 0 0 0 0 0 0 0 68.22212072876135 0 0 0 
0 0 0 0 0 0 0 0 67.4875760071267 0 0 0 
0 0 0 0 0 0 0 0 66.74628258413081 0 0 0 
0 0 0 0 0 0 0 0 65.99831458849822 0 0 0 
0 0 0 0 0 0 0 0 65.24374681640519 0 0 0 
0 0 0 0 0 0 0 0 64.48265472400013 0 0 0 
0 0 0 0 0 0 0 0 63.71511441985802 0 0 0 
0 0 0 0 0 0 0 0 62.941202657369686 0 0 0 
0 0 0 0 0 0 0 0 62.16099682706644 0 0 0 
0 0 0 0 0 0 0 0 61.374574948881154 0 0 0 
0 0 0 0 0 0 0 0 60.58201566434628 0 0 0 
0 0 0 0 0 0 0 0 59.78339822872982 0 0 0 
0 0 0 0 0 0 0 0 58.97880250310982 0 0 0 
0 0 0 0 0 0 0 0 58.16830894638835 0 0 0 
0 0 0 0 0 0 0 0 57.35199860724567 0 0 0 
0 0 0 0 0 0 0 0 56.529953116035436 0 0 0 
0 0 0 0 0 0 0 0 55.702254676621735 0 0 0 
0 0 0 0 0 0 0 0 54.868986058158754 0 0 0 
0 0 0 0 0 0 0 0 54.03023058681398 0 0 0 
0 0 0 0 0 0 0 0 53.186072137435545 0 0 0 
0 0 0 0 0 0 0 0 52.336595125164955 0 0 0 
0 0 0 0 0 0 0 0 51.481884496995534 0 0 0 
0 0 0 0 0 0 0 0 50.622025723277844 0 0 0 
0 0 0 0 0 0 0 0 49.75710478917269 0 0 0 
0 0 0 0 0 0 0 0 48.88720818605275 0 0 0 
0 0 0 0 0 0 0 0 48.01242290285341 0 0 0 
0 0 0 0 0 0 0 0 47.132836417373994 0 0 0 
0 0 0 0 0 0 0 0 46.24853668753008 0 0 0 
0 0 0 0 0 0 0 0 45.35961214255773 0 0 0 
0 0 0 0 0 0 0 0 44.46615167417068 0 0 0 
0 0 0 0 0 0 0 0 43.56824462767121 0 0 0 
0 0 0 0 0 0 0 0 42.66598079301572 0 0 0 
0 0 0 0 0 0 0 0 41.7594503958358 0 0 0 
0 0 0 0 0 0 0 0 40.848744088415714 0 0 0 
0 0 0 0 0 0 0 0 39.93395294062732 0 0 0 
0 0 0 0 0 0 0 0 39.015168430823024 0 0 0 
0 0 0 0 0 0 0 0 38.09248243668819 0 0 0 
0 0 0 0 0 0 0 0 37.165987226053296 0 0 0 
0 0 0 0 0 0 0 0 36.235775447667365 0 0 0 
0 0 0 0 0 0 0 0 35.30194012193304 0 0 0 
0 0 0 0 0 0 0 0 34.364574631604704 0 0 0 
0 0 0 0 0 0 0 0 33.42377271245026 0 0 0 
0 0 0 0 0 0 0 0 32.47962844387762 0 0 0 
0 0 0 0 0 0 0 0 31.532236239526867 0 0 0 
0 0 0 0 0 0 0 0 30.581690837828933 0 0 0 
0 0 0 0 0 0 0 0 29.628087292531873 0 0 0 
0 0 0 0 0 0 0 0 28.67152096319555 0 0 0 
0 0 0 0 0 0 0 0 27.71208750565576 0 0 0 
0 0 0 0 0 0 0 0 26.749882862458733 0 0 0 
0 0 0 0 0 0 0 0 25.785003253266957 0 0 0 
0 0 0 0 0 0 0 0 24.81754516523729 0 0 0 
0 0 0 0 0 0 0 0 23.847605343372315 0 0 0 
0 0 0 0 0 0 0 0 22.875280780845937 0 0 0 
0 0 0 0 0 0 0 0 21.90066870930415 0 0 0 
0 0 0 0 0 0 0 0 20.923866589141927 0 0 0 
0 0 0 0 0 0 0 0 19.944972099757287 0 0 0 
0 0 0 0 0 0 0 0 18.964083129783425 0 0 0 
0 0 0 0 0 0 0 0 17.981297767299935 0 0 0 
0 0 0 0 0 0 0 0 16.99671429002408 0 0 0 
0 0 0 0 0 0 0 0 16.010431155483126 0 0 0 
0 0 0 0 0 0 0 0 15.022546991168584 0 0 0 
0 0 0 0 0 0 0 0 14.033160584673674 0 0 0 
0 0 0 0 0 0 0 0 13.042370873814555 0 0 0 
0 0 0 0 0 0 0 0 12.050276936736662 0 0 0 
0 0 0 0 0 0 0 0 11.05697798200696 0 0 0 
0 0 0 0 0 0 0 0 10.062573338693173 0 0 0 
0 0 0 0 0 0 0 0 9.067162446430968 0 0 0 
0 0 0 0 0 0 0 0 8.070844845480064 0 0 0 
0 0 0 0 0 0 0 0 7.073720166770291 0 0 0 
0 0 0 0 0 0 0 0 6.07588812193859 0 0 0 
0 0 0 0 0 0 0 0 5.0774484933579185 0 0 0 
0 0 0 0 0 0 0 0 4.078501124159104 0 0 0 
0 0 0 0 0 0 0 0 3.079145908246612 0 0 0 
0 0 0 0 0 0 0 0 2.0794827803092426 0 0 0 
0 0 0 0 0 0 0 0 1.0796117058267392 0 0 0 
0 0 0 0 0 0 0 0 0.07963267107332633 0 0 0 
0 0 0 0 0 0 0 0 -0.9203543268808336 0 0 0 
0 0 0 0 0 0 0 0 -1.920249290169265 0 0 0 
0 0 0 0 0 0 0 0 -2.9199522301288816 0 0 0 
0 0 0 0 0 0 0 0 -3.919363177298771 0 0 0 
0 0 0 0 0 0 0 0 -4.918382191417056 0 0 0 
0 0 0 0 0 0 0 0 -5.916909371414835 0 0 0 
0 0 0 0 0 0 0 0 -6.9148448654062165 0 0 0 
0 0 0 0 0 0 0 0 -7.912088880673409 0 0 0 
0 0 0 0 0 0 0 0 -8.908541693645919 0 0 0 
0 0 0 0 0 0 0 0 -9.904103659872801 0 0 0 
0 0 0 0 0 0 0 0 -10.898675223987112 0 0 0 
0 0 0 0 0 0 0 0 -11.892156929661223 0 0 0 
0 0 0 0 0 0 0 0 -12.884449429552463 0 0 0 
0 0 0 0 0 0 0 0 -13.875453495237755 0 0 0 
0 0 0 0 0 0 0 0 -14.865070027136365 0 0 0 
0 0 0 0 0 0 0 0 -15.853200064419775 0 0 0 
0 0 0 0 0 0 0 0 -16.839744794907702 0 0 0 
0 0 0 0 0 0 0 0 -17.82460556494921 0 0 0 
0 0 0 0 0 0 0 0 -18.80768388928801 0 0 0 
0 0 0 0 0 0 0 0 -19.7888814609109 0 0 0 
0 0 0 0 0 0 0 0 -20.76810016087838 0 0 0 
0 0 0 0 0 0 0 0 -21.745242068136463 0 0 0 
0 0 0 0 0 0 0 0 -22.72020946930871 0 0 0 
0 0 0 0 0 0 0 0 -23.69290486846747 0 0 0 
0 0 0 0 0 0 0 0 -24.663230996883403 0 0 0 
0 0 0 0 0 0 0 0 -25.631090822752274 0 0 0 
0 0 0 0 0 0 0 0 -26.596387560898037 0 0 0 
0 0 0 0 0 0 0 0 -27.559024682451295 0 0 0 
0 0 0 0 0 0 0 0 -28.518905924502086 0 0 0 
0 0 0 0 0 0 0 0 -29.475935299726103 0 0 0 
0 0 0 0 0 0 0 0 -30.430017105983342 0 0 0 
0 0 0 0 0 0 0 0 -31.38105593588825 0 0 0 
0 0 0 0 0 0 0 0 -32.32895668635036 0 0 0 
0 0 0 0 0 0 0 0 -33.273624568084536 0 0 0 
0 0 0 0 0 0 0 0 -34.21496511508982 0 0 0 
0 0 0 0 0 0 0 0 -35.15288419409598 0 0 0 
0 0 0 0 0 0 0 0 -36.08728801397672 0 0 0 
0 0 0 0 0 0 0 0 -37.01808313512869 0 0 0 
0 0 0 0 0 0 0 0 -37.94517647881545 0 0 0 
0 0 0 0 0 0 0 0 -38.8684753364752 0 0 0 
0 0 0 0 0 0 0 0 -39.7878873789916 0 0 0 
0 0 0 0 0 0 0 0 -40.703320665926555 0 0 0 
0 0 0 0 0 0 0 0 -41.61468365471424 0 0 0 
0 0 0 0 0 0 0 0 -42.52188520981526 0 0 0 
0 0 0 0 0 0 0 0 -43.42483461183004 0 0 0 
0 0 0 0 0 0 0 0 -44.323441566570935 0 0 0 
0 0 0 0 0 0 0 0 -45.217616214091194 0 0 0 
0 0 0 0 0 0 0 0 -46.107269137671274 0 0 0 
0 0 0 0 0 0 0 0 -46.99231137276022 0 0 0 
0 0 0 0 0 0 0 0 -47.87265441587198 0 0 0 
0 0 0 0 0 0 0 0 -48.74821023343594 0 0 0 
0 0 0 0 0 0 0 0 -49.61889127059989 0 0 0 
0 0 0 0 0 0 0 0 -50.48461045998576 0 0 0 
0 0 0 0 0 0 0 0 -51.34528123039595 0 0 0 
0 0 0 0 0 0 0 0 -52.20081751547073 0 0 0 
0 0 0 0 0 0 0 0 -53.05113376229448 0 0 0 
0 0 0 0 0 0 0 0 -53.89614493995115 0 0 0 
0 0 0 0 0 0 0 0 -54.7357665480271 0 0 0 
0 0 0 0 0 0 0 0 -55.569914625061266 0 0 0 
0 0 0 0 0 0 0 0 -56.398505756941006 0 0 0 
0 0 0 0 0 0 0 0 -57.221457085243685 0 0 0 
0 0 0 0 0 0 0 0 -58.038686315522185 0 0 0 
0 0 0 0 0 0 0 0 -58.85011172553458 0 0 0 
0 0 0 0 0 0 0 0 -59.65565217341599 0 0 0 
0 0 0 0 0 0 0 0 -60.455227105792964 0 0 0 
0 0 0 0 0 0 0 0 -61.24875656583851 0 0 0 
0 0 0 0 0 0 0 0 -62.03616120126798 0 0 0 
0 0 0 0 0 0 0 0 -62.81736227227391 0 0 0 
0 0 0 0 0 0 0 0 -63.59228165940027 0 0 0 
0 0 0 0 0 0 0 0 -64.36084187135405 0 0 0 
0 0 0 0 0 0 0 0 -65.12296605275458 0 0 0 
0 0 0 0 0 0 0 0 -65.87857799181877 0 0 0 
0 0 0 0 0 0 0 0 -66.62760212798244 0 0 0 
0 0 0 0 0 0 0 0 -67.3699635594561 0 0 0 
0 0 0 0 0 0 0 0 -68.10558805071526 0 0 0 
0 0 0 0 0 0 0 0 -68.83440203992383 0 0 0 
0 0 0 0 0 0 0 0 -69.5563326462902 0 0 0 
0 0 0 0 0 0 0 0 -70.2713076773554 0 0 0 
0 0 0 0 0 0 0 0 -70.97925563621205 0 0 0 
0 0 0 0 0 0 0 0 -71.68010572865428 0 0 0 
0 0 0 0 0 0 0 0 -72.37378787025686 0 0 0 
0 0 0 0 0 0 0 0 -73.06023269338372 0 0 0 
0 0 0 0 0 0 0 0 -73.73937155412455 0 0 0 
0 0 0 0 0 0 0 0 -74.41113653915924 0 0 0 
0 0 0 0 0 0 0 0 -75.0754604725491 0 0 0 
0 0 0 0 0 0 0 0 -75.73227692245437 0 0 0 
0 0 0 0 0 0 0 0 -76.38152020777741 0 0 0 
0 0 0 0 0 0 0 0 -77.02312540473073 0 0 0 
0 0 0 0 0 0 0 0 -77.65702835332931 0 0 0 
0 0 0 0 0 0 0 0 -78.28316566380653 0 0 0 
0 0 0 0 0 0 0 0 -78.90147472295311 0 0 0 
0 0 0 0 0 0 0 0 -79.51189370037844 0 0 0 
0 0 0 0 0 0 0 0 -80.11436155469337 0 0 0 
0 0 0 0 0 0 0 0 -80.70881803961461 0 0 0 
0 0 0 0 0 0 0 0 -81.295203709989 0 0 0 
0 0 0 0 0 0 0 0 -81.87345992773818 0 0 0 
0 0 0 0 0 0 0 0 -82.44352886772222 0 0 0 
0 0 0 0 0 0 0 0 -83.00535352352225 0 0 0 
0 0 0 0 0 0 0 0 -83.55887771314076 0 0 0 
0 0 0 0 0 0 0 0 -84.10404608462014 0 0 0 
0 0 0 0 0 0 0 0 -84.64080412157756 0 0 0 
0 0 0 0 0 0 0 0 -85.16909814865656 0 0 0 
0 0 0 0 0 0 0 0 -85.68887533689474 0 0 0 
0 0 0 0 0 0 0 0 -86.20008370900635 0 0 0 
0 0 0 0 0 0 0 0 -86.70267214458023 0 0 0 
0 0 0 0 0 0 0 0 -87.19659038519166 0 0 0 
0 0 0 0 0 0 0 0 -87.68178903942815 0 0 0 
0 0 0 0 0 0 0 0 -88.1582195878286 0 0 0 
0 0 0 0 0 0 0 0 -88.6258343877352 0 0 0 
0 0 0 0 0 0 0 0 -89.08458667805765 0 0 0 
0 0 0 0 0 0 0 0 -89.53443058394922 0 0 0 
0 0 0 0 0 0 0 0 -89.97532112139413 0 0 0 
0 0 0 0 0 0 0 0 -90.40721420170613 0 0 0 
0 0 0 0 0 0 0 0 -90.83006663593702 0 0 0 
0 0 0 0 0 0 0 0 -91.24383613919579 0 0 0 
0 0 0 0 0 0 0 0 -91.64848133487693 0 0 0 
0 0 0 0 0 0 0 0 -92.04396175879806 0 0 0 
0 0 0 0 0 0 0 0 -92.43023786324636 0 0 0 
0 0 0 0 0 0 0 0 -92.80727102093329 0 0 0 
0 0 0 0 0 0 0 0 -93.17502352885721 0 0 0 
0 0 0 0 0 0 0 0 -93.53345861207389 0 0 0 
0 0 0 0 0 0 0 0 -93.88254042737361 0 0 0 
0 0 0 0 0 0 0 0 -94.22223406686582 0 0 0 
0 0 0 0 0 0 0 0 -94.55250556146959 0 0 0 
0 0 0 0 0 0 0 0 -94.8733218843107 0 0 0 
0 0 0 0 0 0 0 0 -95.18465095402424 0 0 0 
0 0 0 0 0 0 0 0 -95.48646163796263 0 0 0 
0 0 0 0 0 0 0 0 -95.77872375530903 0 0 0 
0 0 0 0 0 0 0 0 -96.06140808009522 0 0 0 
0 0 0 0 0 0 0 0 -96.33448634412433 0 0 0 
0 0 0 0 0 0 0 0 -96.59793123979748 0 0 0 
0 0 0 0 0 0 0 0 -96.85171642284466 0 0 0 
0 0 0 0 0 0 0 0 -97.09581651495905 0 0 0 
0 0 0 0 0 0 0 0 -97.33020710633487 0 0 0 
0 0 0 0 0 0 0 0 -97.55486475810827 0 0 0 
0 0 0 0 0 0 0 0 -97.76976700470132 0 0 0 
0 0 0 0 0 0 0 0 -97.97489235606842 0 0 0 
0 0 0 0 0 0 0 0 -98.17022029984541 0 0 0 
0 0 0 0 0 0 0 0 -98.35573130340065 0 0 0 
0 0 0 0 0 0 0 0 -98.53140681578839 0 0 0 
0 0 0 0 0 0 0 0 -98.69722926960375 0 0 0 
0 0 0 0 0 0 0 0 -98.8531820827396 0 0 0 
0 0 0 0 0 0 0 0 -98.99924966004454 0 0 0 
0 0 0 0 0 0 0 0 -99.13541739488258 0 0 0 
0 0 0 0 0 0 0 0 -99.26167167059371 0 0 0 
0 0 0 0 0 0 0 0 -99.37799986185556 0 0 0 
0 0 0 0 0 0 0 0 -99.48439033594595 0 0 0 
0 0 0 0 0 0 0 0 -99.58083245390613 0 0 0 
0 0 0 0 0 0 0 0 -99.66731657160466 0 0 0 
0 0 0 0 0 0 0 0 -99.74383404070186 0 0 0 
0 0 0 0 0 0 0 0 -99.81037720951457 0 0 0 
0 0 0 0 0 0 0 0 -99.86693942378136 0 0 0 
0 0 0 0 0 0 0 0 -99.91351502732795 0 0 0 
0 0 0 0 0 0 0 0 -99.95009936263278 0 0 0 
0 0 0 0 0 0 0 0 -99.97668877129283 0 0 0 
0 0 0 0 0 0 0 0 -99.99328059438939 0 0 0 
0 0 0 0 0 0 0 0 -99.99987317275395 0 0 0 
0 0 0 0 0 0 0 0 -99.9964658471342 0 0 0 
0 0 0 0 0 0 0 0 -99.98305895825983 0 0 0 
0 0 0 0 0 0 0 0 -99.95965384680858 0 0 0 
0 0 0 0 0 0 0 0 -99.92625285327209 0 0 0 
0 0 0 0 0 0 0 0 -99.88285931772187 0 0 0 
0 0 0 0 0 0 0 0 -99.82947757947531 0 0 0 
0 0 0 0 0 0 0 0 -99.76611297666176 0 0 0 
0 0 0 0 0 0 0 0 -99.69277184568868 0 0 0 
0 0 0 0 0 0 0 0 -99.6094615206081 0 0 0 
0 0 0 0 0 0 0 0 -99.51619033238303 0 0 0 
0 0 0 0 0 0 0 0 -99.41296760805463 0 0 0 
0 0 0 0 0 0 0 0 -99.29980366980926 0 0 0 
0 0 0 0 0 0 0 0 -99.1767098339465 0 0 0 
0 0 0 0 0 0 0 0 -99.04369840974731 0 0 0 
0 0 0 0 0 0 0 0 -98.90078269824329 0 0 0 
0 0 0 0 0 0 0 0 -98.74797699088649 0 0 0 
0 0 0 0 0 0 0 0 -98.58529656812031 0 0 0 
0 0 0 0 0 0 0 0 -98.41275769785145 0 0 0 
0 0 0 0 0 0 0 0 -98.23037763382317 0 0 0 
0 0 0 0 0 0 0 0 -98.03817461388988 0 0 0 
0 0 0 0 0 0 0 0 -97.8361678581934 0 0 0 
0 0 0 0 0 0 0 0 -97.624377567241 0 0 0 
0 0 0 0 0 0 0 0 -97.4028249198852 0 0 0 
0 0 0 0 0 0 0 0 -97.17153207120622 0 0 0 
0 0 0 0 0 0 0 0 -96.93052215029608 0 0 0 
0 0 0 0 0 0 0 0 -96.67981925794611 0 0 0 
0 0 0 0 0 0 0 0 -96.41944846423657 0 0 0 
0 0 0 0 0 0 0 0 -96.14943580602989 0 0 0 
0 0 0 0 0 0 0 0 -95.86980828436685 0 0 0 
0 0 0 0 0 0 0 0 -95.58059386176664 0 0 0 
0 0 0 0 0 0 0 0 -95.28182145943047 0 0 0 
0 0 0 0 0 0 0 0 -94.97352095434962 0 0 0 
0 0 0 0 0 0 0 0 -94.65572317631765 0 0 0 
0 0 0 0 0 0 0 0 -94.32845990484758 0 0 0 
0 0 0 0 0 0 0 0 -93.99176386599379 0 0 0 
0 0 0 0 0 0 0 0 -93.64566872907963 0 0 0 
0 0 0 0 0 0 0 0 -93.29020910333034 0 0 0 
0 0 0 0 0 0 0 0 -92.92542053441232 0 0 0 
0 0 0 0 0 0 0 0 -92.55133950087844 0 0 0 
0 0 0 0 0 0 0 0 -92.16800341052034 0 0 0 
0 0 0 0 0 0 0 0 -91.77545059662758 0 0 0 
0 0 0 0 0 0 0 0 -91.37372031415447 0 0 0 
0 0 0 0 0 0 0 0 -90.96285273579443 0 0 0 
0 0 0 0 0 0 0 0 -90.54288894796296 0 0 0 
0 0 0 0 0 0 0 0 -90.11387094668886 0 0 0 
0 0 0 0 0 0 0 0 -89.6758416334147 0 0 0 
0 0 0 0 0 0 0 0 -89.22884481070685 0 0 0 
0 0 0 0 0 0 0 0 -88.77292517787501 0 0 0 
0 0 0 0 0 0 0 0 -88.30812832650261 0 0 0 
0 0 0 0 0 0 0 0 -87.8345007358874 0 0 0 
0 0 0 0 0 0 0 0 -87.3520897683938 0 0 0 
0 0 0 0 0 0 0 0 -86.86094366471649 0 0 0 
0 0 0 0 0 0 0 0 -86.36111153905661 0 0 0 
0 0 0 0 0 0 0 0 -85.85264337421017 0 0 0 
0 0 0 0 0 0 0 0 -85.33559001656995 0 0 0 
0 0 0 0 0 0 0 0 -84.8100031710408 0 0 0 
0 0 0 0 0 0 0 0 -84.27593539586935 0 0 0 
0 0 0 0 0 0 0 0 -83.733440097388 0 0 0 
0 0 0 0 0 0 0 0 -83.18257152467456 0 0 0 
0 0 0 0 0 0 0 0 -82.62338476412722 0 0 0 
0 0 0 0 0 0 0 0 -82.05593573395608 0 0 0 
0 0 0 0 0 0 0 0 -81.48028117859123 0 0 0 
0 0 0 0 0 0 0 0 -80.89647866300855 0 0 0 
0 0 0 0 0 0 0 0 -80.30458656697306 0 0 0 
0 0 0 0 0 0 0 0 -79.70466407920117 0 0 0 
0 0 0 0 0 0 0 0 -79.09677119144165 0 0 0 
0 0 0 0 0 0 0 0 -78.48096869247678 0 0 0 
0 0 0 0 0 0 0 0 -77.85731816204321 0 0 0 
0 0 0 0 0 0 0 0 -77.22588196467437 0 0 0 
0 0 0 0 0 0 0 0 -76.58672324346374 0 0 0 
0 0 0 0 0 0 0 0 -75.93990591375079 0 0 0 
0 0 0 0 0 0 0 0 -75.28549465672954 0 0 0 
0 0 0 0 0 0 0 0 -74.62355491298028 0 0 0 
0 0 0 0 0 0 0 0 -73.95415287592584 0 0 0 
0 0 0 0 0 0 0 0 -73.27735548521204 0 0 0 
0 0 0 0 0 0 0 0 -72.59323042001402 0 0 0 
0 0 0 0 0 0 0 0 -71.9018460922681 0 0 0 
0 0 0 0 0 0 0 0 -71.20327163983103 0 0 0 
0 0 0 0 0 0 0 0 -70.49757691956576 0 0 0 
0 0 0 0 0 0 0 0 -69.78483250035637 0 0 0 
0 0 0 0 0 0 0 0 -69.06510965605075 0 0 0 
0 0 0 0 0 0 0 0 -68.33848035833363 0 0 0 
0 0 0 0 0 0 0 0 -67.60501726952917 0 0 0 
0 0 0 0 0 0 0 0 -66.86479373533513 0 0 0 
0 0 0 0 0 0 0 0 -66.11788377748799 0 0 0 
0 0 0 0 0 0 0 0 -65.3643620863612 0 0 0 
0 0 0 0 0 0 0 0 -64.60430401349588 0 0 0 
0 0 0 0 0 0 0 0 -63.83778556406588 0 0 0 
0 0 0 0 0 0 0 0 -63.064883389277526 0 0 0 
0 0 0 0 0 0 0 0 -62.28567477870415 0 0 0 
0 0 0 0 0 0 0 0 -61.500237652557445 0 0 0 
0 0 0 0 0 0 0 0 -60.70865055389545 0 0 0 
0 0 0 0 0 0 0 0 -59.9109926407685 0 0 0 
0 0 0 0 0 0 0 0 -59.10734367830314 0 0 0 
0 0 0 0 0 0 0 0 -58.29778403072591 0 0 0 
0 0 0 0 0 0 0 0 -57.48239465332692 0 0 0 
0 0 0 0 0 0 0 0 -56.66125708436437 0 0 0 
0 0 0 0 0 0 0 0 -55.834453436911005 0 0 0 
0 0 0 0 0 0 0 0 -55.00206639064251 0 0 0 
0 0 0 0 0 0 0 0 -54.16417918356986 0 0 0 
0 0 0 0 0 0 0 0 -53.320875603715436 0 0 0 
0 0 0 0 0 0 0 0 -52.472239980734635 0 0 0 
0 0 0 0 0 0 0 0 -51.61835717748248 0 0 0 
0 0 0 0 0 0 0 0 -50.75931258152772 0 0 0 
0 0 0 0 0 0 0 0 -49.89519209661403 0 0 0 
0 0 0 0 0 0 0 0 -49.026082134069945 0 0 0 
0 0 0 0 0 0 0 0 -48.15206960416738 0 0 0 
0 0 0 0 0 0 0 0 -47.273241907430986 0 0 0 
0 0 0 0 0 0 0 0 -46.38968692589801 0 0 0 
0 0 0 0 0 0 0 0 -45.50149301433047 0 0 0 
0 0 0 0 0 0 0 0 -44.60874899137928 0 0 0 
0 0 0 0 0 0 0 0 -43.711544130702784 0 0 0 
0 0 0 0 0 0 0 0 -42.80996815203931 0 0 0 
0 0 0 0 0 0 0 0 -41.904111212235556 0 0 0 
0 0 0 0 0 0 0 0 -40.99406389623056 0 0 0 
0 0 0 0 0 0 0 0 -40.079917207997546 0 0 0 
0 0 0 0 0 0 0 0 -39.16176256144347 0 0 0 
0 0 0 0 0 0 0 0 -38.23969177126803 0 0 0 
0 0 0 0 0 0 0 0 -37.31379704378176 0 0 0 
0 0 0 0 0 0 0 0 -36.38417096768584 0 0 0 
0 0 0 0 0 0 0 0 -35.45090650481311 0 0 0 
0 0 0 0 0 0 0 0 -34.514096980832306 0 0 0 
0 0 0 0 0 0 0 0 -33.573836075915075 0 0 0 
0 0 0 0 0 0 0 0 -32.630217815368354 0 0 0 
0 0 0 0 0 0 0 0 -31.68333656023185 0 0 0 
0 0 0 0 0 0 0 0 -30.733286997841937 0 0 0 
0 0 0 0 0 0 0 0 -29.780164132363307 0 0 0 
0 0 0 0 0 0 0 0 -28.824063275288157 0 0 0 
0 0 0 0 0 0 0 0 -27.86508003590546 0 0 0 
0 0 0 0 0 0 0 0 -26.903310311739904 0 0 0 
0 0 0 0 0 0 0 0 -25.93885027896261 0 0 0 
0 0 0 0 0 0 0 0 -24.97179638277306 0 0 0 
0 0 0 0 0 0 0 0 -24.00224532775499 0 0 0 
0 0 0 0 0 0 0 0 -23.030294068205865 0 0 0 
0 0 0 0 0 0 0 0 -22.056039798441855 0 0 0 
0 0 0 0 0 0 0 0 -21.07957994307797 0 0 0 
0 0 0 0 0 0 0 0 -20.10101214728604 0 0 0 
0 0 0 0 0 0 0 0 -19.120434267030078 0 0 0 
0 0 0 0 0 0 0 0 -18.13794435928114 0 0 0 
0 0 0 0 0 0 0 0 -17.15364067221118 0 0 0 
0 0 0 0 0 0 0 0 -16.16762163536865 0 0 0 
0 0 0 0 0 0 0 0 -15.17998584983547 0 0 0 
0 0 0 0 0 0 0 0 -14.190832078367338 0 0 0 
0 0 0 0 0 0 0 0 -13.200259235517025 0 0 0 
0 0 0 0 0 0 0 0 -12.208366377743342 0 0 0 
0 0 0 0 0 0 0 0 -11.215252693505398 0 0 0 
0 0 0 0 0 0 0 0 -10.221017493344206 0 0 0 
0 0 0 0 0 0 0 0 -9.225760199951166 0 0 0 
0 0 0 0 0 0 0 0 -8.229580338226237 0 0 0 
0 0 0 0 0 0 0 0 -7.232577525325448 0 0 0 
0 0 0 0 0 0 0 0 -6.234851460699166 0 0 0 
0 0 0 0 0 0 0 0 -5.236501916122593 0 0 0 
0 0 0 0 0 0 0 0 -4.237628725718146 0 0 0 
0 0 0 0 0 0 0 0 -3.238331775972473 0 0 0 
0 0 0 0 0 0 0 0 -2.2387109957477147 0 0 0 
0 0 0 0 0 0 0 0 -1.2388663462890561 0 0 0 
0 0 0 0 0 0 0 0 -0.23889781122815387 0 0 0 
0 0 0 0 0 0 0 0 0.7610946134147902 0 0 0 
0 0 0 0 0 0 0 0 1.761010929230725 0 0 0 
0 0 0 0 0 0 0 0 2.760751145421152 0 0 0 
0 0 0 0 0 0 0 0 3.760215288797655 0 0 0 
0 0 0 0 0 0 0 0 4.759303413778781 0 0 0 
0 0 0 0 0 0 0 0 5.757915612384691 0 0 0 
0 0 0 0 0 0 0 0 6.75595202422752 0 0 0 
0 0 0 0 0 0 0 0 7.7533128464978684 0 0 0 
0 0 0 0 0 0 0 0 8.74989834394464 0 0 0 
0 0 0 0 0 0 0 0 9.745608858848662 0 0 0 
0 0 0 0 0 0 0 0 10.740344820988025 0 0 0 
0 0 0 0 0 0 0 0 11.734006757595546 0 0 0 
0 0 0 0 0 0 0 0 12.726495303305615 0 0 0 
0 0 0 0 0 0 0 0 13.717711210090815 0 0 0 
0 0 0 0 0 0 0 0 14.707555357186312 0 0 0 
0 0 0 0 0 0 0 0 15.695928761002342 0 0 0 
0 0 0 0 0 0 0 0 16.68273258502217 0 0 0 
0 0 0 0 0 0 0 0 17.667868149685724 0 0 0 
0 0 0 0 0 0 0 0 18.651236942257576 0 0 0 
0 0 0 0 0 0 0 0 19.63274062667776 0 0 0 
0 0 0 0 0 0 0 0 20.612281053395833 0 0 0 
0 0 0 0 0 0 0 0 21.589760269185415 0 0 0 
0 0 0 0 0 0 0 0 22.56508052693957 0 0 0 
0 0 0 0 0 0 0 0 23.538144295445118 0 0 0 
0 0 0 0 0 0 0 0 24.508854269136172 0 0 0 
0 0 0 0 0 0 0 0 25.477113377824296 0 0 0 
0 0 0 0 0 0 0 0 26.442824796405578 0 0 0 
0 0 0 0 0 0 0 0 27.405891954542742 0 0 0 
0 0 0 0 0 0 0 0 28.366218546322624 0 0 0 
0 0 0 0 0 0 0 0 29.32370853988631 0 0 0 
0 0 0 0 0 0 0 0 30.278266187032436 0 0 0 
0 0 0 0 0 0 0 0 31.22979603279158 0 0 0 
0 0 0 0 0 0 0 0 32.17820292497218 0 0 0 
0 0 0 0 0 0 0 0 33.12339202367537 0 0 0 
0 0 0 0 0 0 0 0 34.06526881077901 0 0 0 
0 0 0 0 0 0 0 0 35.003739099389115 0 0 0 
0 0 0 0 0 0 0 0 35.93870904325897 0 0 0 
0 0 0 0 0 0 0 0 36.870085146173324 0 0 0 
0 0 0 0 0 0 0 0 37.79777427129811 0 0 0 
0 0 0 0 0 0 0 0 38.72168365049372 0 0 0 
0 0 0 0 0 0 0 0 39.64172089359225 0 0 0 
0 0 0 0 0 0 0 0 40.55779399763607 0 0 0 
0 0 0 0 0 0 0 0 41.46981135607818 0 0 0 
0 0 0 0 0 0 0 0 42.37768176794282 0 0 0 
0 0 0 0 0 0 0 0 43.28131444694521 0 0 0 
0 0 0 0 0 0 0 0 44.18061903057055 0 0 0 
0 0 0 0 0 0 0 0 45.07550558910987 0 0 0 
0 0 0 0 0 0 0 0 45.96588463465318 0 0 0 
0 0 0 0 0 0 0 0 46.85166713003771 0 0 0 
0 0 0 0 0 0 0 0 47.732764497752164 0 0 0 
0 0 0 0 0 0 0 0 48.60908862879402 0 0 0 
0 0 0 0 0 0 0 0 49.48055189148051 0 0 0 
0 0 0 0 0 0 0 0 50.34706714021142 0 0 0 
0 0 0 0 0 0 0 0 51.20854772418407 0 0 0 
0 0 0 0 0 0 0 0 52.06490749605794 0 0 0 
0 0 0 0 0 0 0 0 52.91606082056957 0 0 0 
0 0 0 0 0 0 0 0 53.76192258309563 0 0 0 
0 0 0 0 0 0 0 0 54.60240819816483 0 0 0 
0 0 0 0 0 0 0 0 55.43743361791608 0 0 0 
0 0 0 0 0 0 0 0 56.26691534050331 0 0 0 
0 0 0 0 0 0 0 0 57.09077041844536 0 0 0 
0 0 0 0 0 0 0 0 57.90891646692104 0 0 0 
0 0 0 0 0 0 0 0 58.72127167200731 0 0 0 
0 0 0 0 0 0 0 0 59.52775479886068 0 0 0 
0 0 0 0 0 0 0 0 60.328285199840394 0 0 0 
0 0 0 0 0 0 0 0 61.12278282257352 0 0 0 
0 0 0 0 0 0 0 0 61.91116821795987 0 0 0 
0 0 0 0 0 0 0 0 62.693362548116895 0 0 0 
0 0 0 0 0 0 0 0 63.46928759426347 0 0 0 
0 0 0 0 0 0 0 0 64.23886576454144 0 0 0 
0 0 0 0 0 0 0 0 65.00202010177517 0 0 0 
0 0 0 0 0 0 0 0 65.7586742911669 0 0 0 
0 0 0 0 0 0 0 0 66.50875266792828 0 0 0 
0 0 0 0 0 0 0 0 67.2521802248466 0 0 0 
0 0 0 0 0 0 0 0 67.98888261978571 0 0 0 
0 0 0 0 0 0 0 0 68.71878618312006 0 0 0 
0 0 0 0 0 0 0 0 69.44181792510162 0 0 0 
0 0 0 0 0 0 0 0 70.1579055431586 0 0 0 
0 0 0 0 0 0 0 0 70.866977429126 0 0 0 
0 0 0 0 0 0 0 0 71.5689626764061 0 0 0 
0 0 0 0 0 0 0 0 72.26379108705923 0 0 0 
0 0 0 0 0 0 0 0 72.9513931788232 0 0 0 
0 0 0 0 0 0 0 0 73.63170019206193 0 0 0 
0 0 0 0 0 0 0 0 74.304644096641 0 0 0 
0 0 0 0 0 0 0 0 74.97015759873078 0 0 0 
0 0 0 0 0 0 0 0 75.62817414753556 0 0 0 
0 0 0 0 0 0 0 0 76.27862794194886 0 0 0 
0 0 0 0 0 0 0 0 76.92145393713325 0 0 0 
0 0 0 0 0 0 0 0 77.55658785102501 0 0 0 
0 0 0 0 0 0 0 0 78.18396617076189 0 0 0 
0 0 0 0 0 0 0 0 78.80352615903476 0 0 0 
0 0 0 0 0 0 0 0 79.41520586036113 0 0 0 
0 0 0 0 0 0 0 0 80.01894410728056 0 0 0 
0 0 0 0 0 0 0 0 80.61468052647157 0 0 0 
0 0 0 0 0 0 0 0 81.20235554478855 0 0 0 
0 0 0 0 0 0 0 0 81.78191039521946 0 0 0 
0 0 0 0 0 0 0 0 82.3532871227622 0 0 0 
0 0 0 0 0 0 0 0 82.91642859022022 0 0 0 
0 0 0 0 0 0 0 0 83.47127848391598 0 0 0 
0 0 0 0 0 0 0 0 84.01778131932251 0 0 0 
0 0 0 0 0 0 0 0 84.55588244661169 0 0 0 
0 0 0 0 0 0 0 0 85.08552805611926 0 0 0 
0 0 0 0 0 0 0 0 85.60666518372553 0 0 0 
0 0 0 0 0 0 0 0 86.11924171615209 0 0 0 
0 0 0 0 0 0 0 0 86.62320639617282 0 0 0 
0 0 0 0 0 0 0 0 87.11850882773975 0 0 0 
0 0 0 0 0 0 0 0 87.60509948102238 0 0 0 
0 0 0 0 0 0 0 0 88.0829296973609 0 0 0 
0 0 0 0 0 0 0 0 88.55195169413189 0 0 0 
0 0 0 0 0 0 0 0 89.01211856952655 0 0 0 
0 0 0 0 0 0 0 0 89.46338430724074 0 0 0 
0 0 0 0 0 0 0 0 89.90570378107678 0 0 0 
0 0 0 0 0 0 0 0 90.33903275945589 0 0 0 
0 0 0 0 0 0 0 0 90.76332790984135 0 0 0 
0 0 0 0 0 0 0 0 91.17854680307165 0 0 0 
0 0 0 0 0 0 0 0 91.58464791760352 0 0 0 
0 0 0 0 0 0 0 0 91.9815906436639 0 0 0 
0 0 0 0 0 0 0 0 92.369335287311 0 0 0 
0 0 0 0 0 0 0 0 92.74784307440359 0 0 0 
0 0 0 0 0 0 0 0 93.11707615447831 0 0 0 
0 0 0 0 0 0 0 0 93.4769976045349 0 0 0 
0 0 0 0 0 0 0 0 93.82757143272825 0 0 0 
0 0 0 0 0 0 0 0 94.16876258196775 0 0 0 
0 0 0 0 0 0 0 0 94.50053693342275 0 0 0 
0 0 0 0 0 0 0 0 94.82286130993458 0 0 0 
0 0 0 0 0 0 0 0 95.1357034793342 0 0 0 
0 0 0 0 0 0 0 0 95.43903215766541 0 0 0 
0 0 0 0 0 0 0 0 95.73281701231308 0 0 0 
0 0 0 0 0 0 0 0 96.01702866503659 0 0 0 
0 0 0 0 0 0 0 0 96.29163869490755 0 0 0 
0 0 0 0 0 0 0 0 96.55661964115178 0 0 0 
0 0 0 0 0 0 0 0 96.81194500589547 0 0 0 
0 0 0 0 0 0 0 0 97.05758925681492 0 0 0 
0 0 0 0 0 0 0 0 97.29352782968974 0 0 0 
0 0 0 0 0 0 0 0 97.51973713085928 0 0 0 
0 0 0 0 0 0 0 0 97.7361945395819 0 0 0 
0 0 0 0 0 0 0 0 97.94287841029711 0 0 0 
0 0 0 0 0 0 0 0 98.13976807479008 0 0 0 
0 0 0 0 0 0 0 0 98.32684384425848 0 0 0 
0 0 0 0 0 0 0 0 98.50408701128117 0 0 0 
0 0 0 0 0 0 0 0 98.67147985168921 0 0 0 
0 0 0 0 0 0 0 0 98.82900562633804 0 0 0 
0 0 0 0 0 0 0 0 98.97664858278148 0 0 0 
0 0 0 0 0 0 0 0 99.1143939568469 0 0 0 
0 0 0 0 0 0 0 0 99.24222797411169 0 0 0 
0 0 0 0 0 0 0 0 99.36013785128064 0 0 0 
0 0 0 0 0 0 0 0 99.4681117974643 0 0 0 
0 0 0 0 0 0 0 0 99.56613901535805 0 0 0 
0 0 0 0 0 0 0 0 99.65420970232175 0 0 0 
0 0 0 0 0 0 0 0 99.73231505136012 0 0 0 
0 0 0 0 0 0 0 0 99.80044725200334 0 0 0 
0 0 0 0 0 0 0 0 99.85859949108813 0 0 0 
0 0 0 0 0 0 0 0 99.90676595343902 0 0 0 
0 0 0 0 0 0 0 0 99.94494182244993 0 0 0 
0 0 0 0 0 0 0 0 99.97312328056577 0 0 0 
0 0 0 0 0 0 0 0 99.99130750966422 0 0 0 
0 0 0 0 0 0 0 0 99.99949269133752 0 0 0 
0 0 0 0 0 0 0 0 99.99767800707431 0 0 0 
0 0 0 0 0 0 0 0 99.98586363834151 0 0 0 
0 0 0 0 0 0 0 0 99.96405076656616 0 0 0 
0 0 0 0 0 0 0 0 99.93224157301725 0 0 0 
0 0 0 0 0 0 0 0 99.89043923858762 0 0 0 
0 0 0 0 0 0 0 0 99.83864794347589 0 0 0 
0 0 0 0 0 0 0 0 99.7768728667684 0 0 0 
0 0 0 0 0 0 0 0 99.70512018592137 0 0 0 
0 0 0 0 0 0 0 0 99.62339707614306 0 0 0 
0 0 0 0 0 0 0 0 99.53171170967636 0 0 0 
0 0 0 0 0 0 0 0 99.4300732549815 0 0 0 
0 0 0 0 0 0 0 0 99.31849187581926 0 0 0 
0 0 0 0 0 0 0 0 99.19697873023459 0 0 0 
0 0 0 0 0 0 0 0 99.06554596944075 0 0 0 
0 0 0 0 0 0 0 0 98.92420673660432 0 0 0 
0 0 0 0 0 0 0 0 98.77297516553078 0 0 0 
0 0 0 0 0 0 0 0 98.61186637925125 0 0 0 
0 0 0 0 0 0 0 0 98.44089648851006 0 0 0 
0 0 0 0 0 0 0 0 98.26008259015384 0 0 0 
0 0 0 0 0 0 0 0 98.06944276542173 0 0 0 
0 0 0 0 0 0 0 0 97.86899607813733 0 0 0 
0 0 0 0 0 0 0 0 97.65876257280235 0 0 0 
0 0 0 0 0 0 0 0 97.43876327259213 0 0 0 
0 0 0 0 0 0 0 0 97.20902017725331 0 0 0 
0 0 0 0 0 0 0 0 96.96955626090404 0 0 0 
0 0 0 0 0 0 0 0 96.72039546973639 0 0 0 
0 0 0 0 0 0 0 0 96.46156271962181 0 0 0 
0 0 0 0 0 0 0 0 96.19308389361963 0 0 0 
0 0 0 0 0 0 0 0 95.91498583938872 0 0 0 
0 0 0 0 0 0 0 0 95.62729636650278 0 0 0 
0 0 0 0 0 0 0 0 95.33004424366933 0 0 0 
0 0 0 0 0 0 0 0 95.02325919585293 0 0 0 
0 0 0 0 0 0 0 0 94.70697190130275 0 0 0 
0 0 0 0 0 0 0 0 94.38121398848467 0 0 0 
0 0 0 0 0 0 0 0 94.04601803291848 0 0 0 
0 0 0 0 0 0 0 0 93.70141755392038 0 0 0 
0 0 0 0 0 0 0 0 93.34744701125118 0 0 0 
0 0 0 0 0 0 0 0 92.98414180167013 0 0 0 
0 0 0 0 0 0 0 0 92.61153825539546 0 0 0 
0 0 0 0 0 0 0 0 92.22967363247125 0 0 0 
0 0 0 0 0 0 0 0 91.83858611904158 0 0 0 
0 0 0 0 0 0 0 0 91.43831482353194 0 0 0 
0 0 0 0 0 0 0 0 91.02889977273828 0 0 0 
0 0 0 0 0 0 0 0 90.61038190782452 0 0 0 
0 0 0 0 0 0 0 0 90.18280308022834 0 0 0 
0 0 0 0 0 0 0 0 89.74620604747624 0 0 0 
0 0 0 0 0 0 0 0 89.30063446890767 0 0 0 
0 0 0 0 0 0 0 0 88.84613290130915 0 0 0 
0 0 0 0 0 0 0 0 88.38274679445865 0 0 0 
0 0 0 0 0 0 0 0 87.9105224865808 0 0 0 
0 0 0 0 0 0 0 0 87.4295071997128 0 0 0 
0 0 0 0 0 0 0 0 86.93974903498253 0 0 0 
0 0 0 0 0 0 0 0 86.44129696779825 0 0 0 
0 0 0 0 0 0 0 0 85.93420084295141 0 0 0 
0 0 0 0 0 0 0 0 85.41851136963187 0 0 0 
0 0 0 0 0 0 0 0 84.89428011635725 0 0 0 
0 0 0 0 0 0 0 0 84.36155950581592 0 0 0 
0 0 0 0 0 0 0 0 83.82040280962512 0 0 0 
0 0 0 0 0 0 0 0 83.27086414300346 0 0 0 
0 0 0 0 0 0 0 0 82.71299845935967 0 0 0 
0 0 0 0 0 0 0 0 82.14686154479715 0 0 0 
0 0 0 0 0 0 0 0 81.57251001253569 0 0 0 
0 0 0 0 0 0 0 0 80.99000129724985 0 0 0 
0 0 0 0 0 0 0 0 80.39939364932572 0 0 0 
0 0 0 0 0 0 0 0 79.80074612903593 0 0 0 
0 0 0 0 0 0 0 0 79.19411860063357 0 0 0 
0 0 0 0 0 0 0 0 78.5795717263661 0 0 0 
0 0 0 0 0 0 0 0 77.95716696040876 0 0 0 
0 0 0 0 0 0 0 0 77.32696654271945 0 0 0 
0 0 0 0 0 0 0 0 76.68903349281474 0 0 0 
0 0 0 0 0 0 0 0 76.04343160346812 0 0 0 
0 0 0 0 0 0 0 0 75.39022543433046 0 0 0 
0 0 0 0 0 0 0 0 74.72948030547435 0 0 0 
0 0 0 0 0 0 0 0 74.061262290862 0 0 0 
0 0 0 0 0 0 0 0 73.38563821173814 0 0 0 
0 0 0 0 0 0 0 0 72.70267562994759 0 0 0 
0 0 0 0 0 0 0 0 72.0124428411794 0 0 0 
0 0 0 0 0 0 0 0 71.31500886813723 0 0 0 
0 0 0 0 0 0 0 0 70.61044345363725 0 0 0 
0 0 0 0 0 0 0 0 69.89881705363376 0 0 0 
0 0 0 0 0 0 0 0 69.18020083017373 0 0 0 
0 0 0 0 0 0 0 0 68.45466664428059 0 0 0 
0 0 0 0 0 0 0 0 67.72228704876846 0 0 0 
0 0 0 0 0 0 0 0 66.98313528098649 0 0 0 
0 0 0 0 0 0 0 0 66.23728525549552 0 0 0 
0 0 0 0 0 0 0 0 65.48481155667649 0 0 0 
0 0 0 0 0 0 0 0 64.72578943127236 0 0 0 
0 0 0 0 0 0 0 0 63.960294780863066 0 0 0 
0 0 0 0 0 0 0 0 63.188404154275766 0 0 0 
0 0 0 0 0 0 0 0 62.41019473992987 0 0 0 
0 0 0 0 0 0 0 0 61.625744358118226 0 0 0 
0 0 0 0 0 0 0 0 60.83513145322546 0 0 0 
0 0 0 0 0 0 0 0 60.03843508588314 0 0 0 
0 0 0 0 0 0 0 0 59.23573492506409 0 0 0 
0 0 0 0 0 0 0 0 58.427111240115416 0 0 0 
0 0 0 0 0 0 0 0 57.6126448927319 0 0 0 
0 0 0 0 0 0 0 0 56.79241732886948 0 0 0 
0 0 0 0 0 0 0 0 55.966510570601045 0 0 0 
0 0 0 0 0 0 0 0 55.135007207914065 0 0 0 
0 0 0 0 0 0 0 0 54.297990390452064 0 0 0 
0 0 0 0 0 0 0 0 53.45554381919919 0 0 0 
0 0 0 0 0 0 0 0 52.60775173811053 0 0 0 
0 0 0 0 0 0 0 0 51.754698925687634 0 0 0 
0 0 0 0 0 0 0 0 50.89647068650102 0 0 0 
0 0 0 0 0 0 0 0 50.033152842659334 0 0 0 
0 0 0 0 0 0 0 0 49.16483172522754 0 0 0 
0 0 0 0 0 0 0 0 48.29159416559371 0 0 0 
0 0 0 0 0 0 0 0 47.41352748678624 0 0 0 
0 0 0 0 0 0 0 0 46.53071949474125 0 0 0 
0 0 0 0 0 0 0 0 45.64325846952225 0 0 0 
0 0 0 0 0 0 0 0 44.75123315649214 0 0 0 
0 0 0 0 0 0 0 0 43.85473275743904 0 0 0 
0 0 0 0 0 0 0 0 42.95384692165567 0 0 0 
0 0 0 0 0 0 0 0 42.0486657369749 0 0 0 
0 0 0 0 0 0 0 0 41.139279720760854 0 0 0 
0 0 0 0 0 0 0 0 40.22577981085728 0 0 0 
0 0 0 0 0 0 0 0 39.308257356494074 0 0 0 
0 0 0 0 0 0 0 0 38.386804109151996 0 0 0 
0 0 0 0 0 0 0 0 37.461512213387884 0 0 0 
0 0 0 0 0 0 0 0 36.53247419762019 0 0 0 
0 0 0 0 0 0 0 0 35.59978296487644 0 0 0 
0 0 0 0 0 0 0 0 34.663531783502584 0 0 0 
0 0 0 0 0 0 0 0 33.72381427783655 0 0 0 
0 0 0 0 0 0 0 0 32.78072441884575 0 0 0 
0 0 0 0 0 0 0 0 31.834356514730324 0 0 0 
0 0 0 0 0 0 0 0 30.884805201491965 0 0 0 
0 0 0 0 0 0 0 0 29.932165433470708 0 0 0 
0 0 0 0 0 0 0 0 28.97653247384941 0 0 0 
0 0 0 0 0 0 0 0 28.018001885127834 0 0 0 
0 0 0 0 0 0 0 0 27.05666951956601 0 0 0 
0 0 0 0 0 0 0 0 26.09263150959938 0 0 0 
0 0 0 0 0 0 0 0 25.125984258225486 0 0 0 
0 0 0 0 0 0 0 0 24.15682442936411 0 0 0 
0 0 0 0 0 0 0 0 23.185248938190416 0 0 0 
0 0 0 0 0 0 0 0 22.21135494144388 0 0 0 
0 0 0 0 0 0 0 0 21.23523982771251 0 0 0 
0 0 0 0 0 0 0 0 20.257001207694433 0 0 0 
0 0 0 0 0 0 0 0 19.276736904436365 0 0 0 
0 0 0 0 0 0 0 0 18.294544943551745 0 0 0 
0 0 0 0 0 0 0 0 17.310523543418174 0 0 0 
0 0 0 0 0 0 0 0 16.324771105355566 0 0 0 
0 0 0 0 0 0 0 0 15.337386203786435 0 0 0 
0 0 0 0 0 0 0 0 14.34846757637804 0 0 0 
0 0 0 0 0 0 0 0 13.358114114169023 0 0 0 
0 0 0 0 0 0 0 0 12.366424851680227 0 0 0 
0 0 0 0 0 0 0 0 11.373498957011671 0 0 0 
0 0 0 0 0 0 0 0 10.379435721925297 0 0 0 
0 0 0 0 0 0 0 0 9.384334551916233 0 0 0 
0 0 0 0 0 0 0 0 8.388294956272139 0 0 0 
0 0 0 0 0 0 0 0 7.39141653812273 0 0 0 
0 0 0 0 0 0 0 0 6.393798984479003 0 0 0 
0 0 0 0 0 0 0 0 5.395542056264975 0 0 0 
0 0 0 0 0 0 0 0 4.396745578341502 0 0 0 
0 0 0 0 0 0 0 0 3.3975094295242267 0 0 0 
0 0 0 0 0 0 0 0 2.3979335325952467 0 0 0 
0 0 0 0 0 0 0 0 1.3981178443112787 0 0 0 
0 0 0 0 0 0 0 0 0.3981623454078851 0 0 0 
0 0 0 0 0 0 0 0 -0.6018329693981597 0 0 0 
0 0 0 0 0 0 0 0 -1.6017681014087903 0 0 0 
0 0 0 0 0 0 0 0 -2.601543057944083 0 0 0 
0 0 0 0 0 0 0 0 -3.6010578623416145 0 0 0 
0 0 0 0 0 0 0 0 -4.600212563953695 0 0 0 
0 0 0 0 0 0 0 0 -5.598907248142878 0 0 0 
0 0 0 0 0 0 0 0 -6.597042046272987 0 0 0 
0 0 0 0 0 0 0 0 -7.594517145696074 0 0 0 
0 0 0 0 0 0 0 0 -8.591232799733246 0 0 0 
0 0 0 0 0 0 0 0 -9.587089337649783 0 0 0 
0 0 0 0 0 0 0 0 -10.581987174621768 0 0 0 
0 0 0 0 0 0 0 0 -11.575826821694584 0 0 0 
0 0 0 0 0 0 0 0 -12.568508895731808 0 0 0 
0 0 0 0 0 0 0 0 -13.559934129353094 0 0 0 
0 0 0 0 0 0 0 0 -14.550003380861353 0 0 0 
0 0 0 0 0 0 0 0 -15.538617644156488 0 0 0 
0 0 0 0 0 0 0 0 -16.52567805863601 0 0 0 
0 0 0 0 0 0 0 0 -17.511085919081022 0 0 0 
0 0 0 0 0 0 0 0 -18.494742685526827 0 0 0 
0 0 0 0 0 0 0 0 -19.476549993116134 0 0 0 
0 0 0 0 0 0 0 0 -20.45640966193654 0 0 0 
0 0 0 0 0 0 0 0 -21.4342237068377 0 0 0 
0 0 0 0 0 0 0 0 -22.409894347229965 0 0 0 
0 0 0 0 0 0 0 0 -23.383324016862364 0 0 0 
0 0 0 0 0 0 0 0 -24.354415373579112 0 0 0 
0 0 0 0 0 0 0 0 -25.32307130905378 0 0 0 
0 0 0 0 0 0 0 0 -26.289194958500207 0 0 0 
0 0 0 0 0 0 0 0 -27.252689710358197 0 0 0 
0 0 0 0 0 0 0 0 -28.213459215955655 0 0 0 
0 0 0 0 0 0 0 0 -29.17140739914265 0 0 0 
0 0 0 0 0 0 0 0 -30.12643846589916 0 0 0 
0 0 0 0 0 0 0 0 -31.07845691391436 0 0 0 
0 0 0 0 0 0 0 0 -32.0273675421368 0 0 0 
0 0 0 0 0 0 0 0 -32.9730754602944 0 0 0 
0 0 0 0 0 0 0 0 -33.915486098383454 0 0 0 
0 0 0 0 0 0 0 0 -34.854505216125645 0 0 0 
0 0 0 0 0 0 0 0 -35.790038912391374 0 0 0 
0 0 0 0 0 0 0 0 -36.7219936345908 0 0 0 
0 0 0 0 0 0 0 0 -37.65027618802833 0 0 0 
0 0 0 0 0 0 0 0 -38.57479374522218 0 0 0 
0 0 0 0 0 0 0 0 -39.495453855187066 0 0 0 
0 0 0 0 0 0 0 0 -40.4121644526792 0 0 0 
0 0 0 0 0 0 0 0 -41.32483386740275 0 0 0 
0 0 0 0 0 0 0 0 -42.233370833176984 0 0 0 
0 0 0 0 0 0 0 0 -43.13768449706208 0 0 0 
0 0 0 0 0 0 0 0 -44.03768442844543 0 0 0 
0 0 0 0 0 0 0 0 -44.933280628083885 0 0 0 
0 0 0 0 0 0 0 0 -45.8243835371038 0 0 0 
0 0 0 0 0 0 0 0 -46.710904045956866 0 0 0 
0 0 0 0 0 0 0 0 -47.59275350333097 0 0 0 
0 0 0 0 0 0 0 0 -48.469843725015224 0 0 0 
0 0 0 0 0 0 0 0 -49.342087002718536 0 0 0 
0 0 0 0 0 0 0 0 -50.20939611283969 0 0 0 
0 0 0 0 0 0 0 0 -51.07168432519059 0 0 0 
0 0 0 0 0 0 0 0 -51.92886541166855 0 0 0 
0 0 0 0 0 0 0 0 -52.78085365487928 0 0 0 
0 0 0 0 0 0 0 0 -53.627563856708406 0 0 0 
0 0 0 0 0 0 0 0 -54.468911346841345 0 0 0 
0 0 0 0 0 0 0 0 -55.30481199123021 0 0 0 
0 0 0 0 0 0 0 0 -56.13518220050715 0 0 0 
0 0 0 0 0 0 0 0 -56.959938938343335 0 0 0 
0 0 0 0 0 0 0 0 -57.77899972975201 0 0 0 
0 0 0 0 0 0 0 0 -58.592282669336704 0 0 0 
0 0 0 0 0 0 0 0 -59.39970642948121 0 0 0 
0 0 0 0 0 0 0 0 -60.201190268482364 0 0 0 
0 0 0 0 0 0 0 0 -60.99665403862416 0 0 0 
0 0 0 0 0 0 0 0 -61.78601819419246 0 0 0 
0 0 0 0 0 0 0 0 -62.569203799429516 0 0 0 
0 0 0 0 0 0 0 0 -63.34613253642761 0 0 0 
0 0 0 0 0 0 0 0 -64.11672671296019 0 0 0 
0 0 0 0 0 0 0 0 -64.88090927025189 0 0 0 
0 0 0 0 0 0 0 0 -65.63860379068382 0 0 0 
0 0 0 0 0 0 0 0 -66.38973450543533 0 0 0 
0 0 0 0 0 0 0 0 -67.13422630206088 0 0 0 
0 0 0 0 0 0 0 0 -67.87200473200124 0 0 0 
0 0 0 0 0 0 0 0 -68.60299601802822 0 0 0 
0 0 0 0 0 0 0 0 -69.32712706162249 0 0 0 
0 0 0 0 0 0 0 0 -70.04432545028288 0 0 0 
0 0 0 0 0 0 0 0 -70.75451946476832 0 0 0 
0 0 0 0 0 0 0 0 -71.4576380862692 0 0 0 
0 0 0 0 0 0 0 0 -72.15361100350928 0 0 0 
0 0 0 0 0 0 0 0 -72.8423686197768 0 0 0 
0 0 0 0 0 0 0 0 -73.52384205988413 0 0 0 
0 0 0 0 0 0 0 0 -74.19796317705514 0 0 0 
0 0 0 0 0 0 0 0 -74.86466455973999 0 0 0 
0 0 0 0 0 0 0 0 -75.52387953835576 0 0 0 
0 0 0 0 0 0 0 0 -76.17554219195404 0 0 0 
0 0 0 0 0 0 0 0 -76.81958735481254 0 0 0 
0 0 0 0 0 0 0 0 -77.45595062295166 0 0 0 
0 0 0 0 0 0 0 0 -78.0845683605749 0 0 0 
0 0 0 0 0 0 0 0 -78.70537770643236 0 0 0 
0 0 0 0 0 0 0 0 -79.31831658010675 0 0 0 
0 0 0 0 0 0 0 0 -79.92332368822152 0 0 0 
0 0 0 0 0 0 0 0 -80.52033853057011 0 0 0 
0 0 0 0 0 0 0 0 -81.1093014061656 0 0 0 
0 0 0 0 0 0 0 0 -81.69015341921133 0 0 0 
0 0 0 0 0 0 0 0 -82.26283648499005 0 0 0 
0 0 0 0 0 0 0 0 -82.8272933356724 0 0 0 
0 0 0 0 0 0 0 0 -83.38346752604369 0 0 0 
0 0 0 0 0 0 0 0 -83.93130343914838 0 0 0 
0 0 0 0 0 0 0 0 -84.47074629185167 0 0 0 
0 0 0 0 0 0 0 0 -85.00174214031792 0 0 0 
0 0 0 0 0 0 0 0 -85.52423788540459 0 0 0 
0 0 0 0 0 0 0 0 -86.03818127797268 0 0 0 
0 0 0 0 0 0 0 0 -86.54352092411123 0 0 0 
0 0 0 0 0 0 0 0 -87.04020629027671 0 0 0 
0 0 0 0 0 0 0 0 -87.52818770834644 0 0 0 
0 0 0 0 0 0 0 0 -88.00741638058525 0 0 0 
0 0 0 0 0 0 0 0 -88.47784438452527 0 0 0 
0 0 0 0 0 0 0 0 -88.93942467775821 0 0 0 
0 0 0 0 0 0 0 0 -89.39211110263923 0 0 0 
0 0 0 0 0 0 0 0 -89.83585839090317 0 0 0 
0 0 0 0 0 0 0 0 -90.27062216819098 0 0 0 
0 0 0 0 0 0 0 0 -90.69635895848724 0 0 0 
0 0 0 0 0 0 0 0 -91.1130261884677 0 0 0 
0 0 0 0 0 0 0 0 -91.52058219175659 0 0 0 
0 0 0 0 0 0 0 0 -91.91898621309318 0 0 0 
0 0 0 0 0 0 0 0 -92.30819841240738 0 0 0 
0 0 0 0 0 0 0 0 -92.68817986880364 0 0 0 
0 0 0 0 0 0 0 0 -93.05889258445285 0 0 0 
0 0 0 0 0 0 0 0 -93.42029948839243 0 0 0 
0 0 0 0 0 0 0 0 -93.77236444023316 0 0 0 
0 0 0 0 0 0 0 0 -94.11505223377324 0 0 0 
0 0 0 0 0 0 0 0 -94.4483286005189 0 0 0 
0 0 0 0 0 0 0 0 -94.77216021311119 0 0 0 
0 0 0 0 0 0 0 0 -95.0865146886587 0 0 0 
0 0 0 0 0 0 0 0 -95.3913605919759 0 0 0 
0 0 0 0 0 0 0 0 -95.68666743872637 0 0 0 
0 0 0 0 0 0 0 0 -95.9724056984716 0 0 0 
0 0 0 0 0 0 0 0 -96.24854679762373 0 0 0 
0 0 0 0 0 0 0 0 -96.51506312230295 0 0 0 
0 0 0 0 0 0 0 0 -96.77192802109889 0 0 0 
0 0 0 0 0 0 0 0 -97.01911580773572 0 0 0 
0 0 0 0 0 0 0 0 -97.25660176364077 0 0 0 
0 0 0 0 0 0 0 0 -97.48436214041641 0 0 0 
0 0 0 0 0 0 0 0 -97.70237416221464 0 0 0 
0 0 0 0 0 0 0 0 -97.91061602801503 0 0 0 
0 0 0 0 0 0 0 0 -98.10906691380453 0 0 0 
0 0 0 0 0 0 0 0 -98.29770697465993 0 0 0 
0 0 0 0 0 0 0 0 -98.47651734673236 0 0 0 
0 0 0 0 0 0 0 0 -98.6454801491336 0 0 0 
0 0 0 0 0 0 0 0 -98.80457848572422 0 0 0 
0 0 0 0 0 0 0 0 -98.95379644680314 0 0 0 
0 0 0 0 0 0 0 0 -99.09311911069864 0 0 0 
0 0 0 0 0 0 0 0 -99.22253254526035 0 0 0 
0 0 0 0 0 0 0 0 -99.34202380925271 0 0 0 
0 0 0 0 0 0 0 0 -99.45158095364889 0 0 0 
0 0 0 0 0 0 0 0 -99.55119302282574 0 0 0 
0 0 0 0 0 0 0 0 -99.64085005565937 0 0 0 
0 0 0 0 0 0 0 0 -99.72054308652119 0 0 0 
0 0 0 0 0 0 0 0 -99.79026414617454 0 0 0 
0 0 0 0 0 0 0 0 -99.85000626257155 0 0 0 
0 0 0 0 0 0 0 0 -99.89976346155036 0 0 0 
0 0 0 0 0 0 0 0 -99.93953076743254 0 0 0 
0 0 0 0 0 0 0 0 -99.96930420352065 0 0 0 
0 0 0 0 0 0 0 0 -99.98908079249588 0 0 0 
0 0 0 0 0 0 0 0 -99.9988585567158 0 0 0 
0 0 0 0 0 0 0 0 -99.99863651841217 0 0 0 
0 0 0 0 0 0 0 0 -99.98841469978862 0 0 0 
0 0 0 0 0 0 0 0 -99.96819412301848 0 0 0 
0 0 0 0 0 0 0 0 -99.9379768101426 0 0 0 
0 0 0 0 0 0 0 0 -99.89776578286707 0 0 0 
0 0 0 0 0 0 0 0 -99.84756506226111 0 0 0 
0 0 0 0 0 0 0 0 -99.78737966835496 0 0 0 
0 0 0 0 0 0 0 0 -99.71721561963784 0 0 0 
0 0 0 0 0 0 0 0 -99.63707993245617 0 0 0 
0 0 0 0 0 0 0 0 -99.54698062031187 0 0 0 
0 0 0 0 0 0 0 0 -99.44692669306109 0 0 0 
0 0 0 0 0 0 0 0 -99.33692815601314 0 0 0 
0 0 0 0 0 0 0 0 -99.2169960089301 0 0 0 
0 0 0 0 0 0 0 0 -99.08714224492672 0 0 0 
0 0 0 0 0 0 0 0 -98.9473798492712 0 0 0 
0 0 0 0 0 0 0 0 -98.79772279808662 0 0 0 
0 0 0 0 0 0 0 0 -98.6381860569534 0 0 0 
0 0 0 0 0 0 0 0 -98.4687855794127 0 0 0 
0 0 0 0 0 0 0 0 -98.28953830537111 0 0 0 
0 0 0 0 0 0 0 0 -98.1004621594066 0 0 0 
0 0 0 0 0 0 0 0 -97.90157604897632 0 0 0 
0 0 0 0 0 0 0 0 -97.69289986252552 0 0 0 
0 0 0 0 0 0 0 0 -97.47445446749893 0 0 0 
0 0 0 0 0 0 0 0 -97.24626170825404 0 0 0 
0 0 0 0 0 0 0 0 -97.0083444038766 0 0 0 
0 0 0 0 0 0 0 0 -96.7607263458988 0 0 0 
0 0 0 0 0 0 0 0 -96.50343229592008 0 0 0 
0 0 0 0 0 0 0 0 -96.23648798313097 0 0 0 
0 0 0 0 0 0 0 0 -95.95992010174041 0 0 0 
0 0 0 0 0 0 0 0 -95.673756308306 0 0 0 
0 0 0 0 0 0 0 0 -95.37802521896863 0 0 0 
0 0 0 0 0 0 0 0 -95.07275640659078 0 0 0 
0 0 0 0 0 0 0 0 -94.75798039779933 0 0 0 
0 0 0 0 0 0 0 0 -94.43372866993279 0 0 0 
0 0 0 0 0 0 0 0 -94.10003364789378 0 0 0 
0 0 0 0 0 0 0 0 -93.75692870090641 0 0 0 
0 0 0 0 0 0 0 0 -93.40444813917941 0 0 0 
0 0 0 0 0 0 0 0 -93.04262721047533 0 0 0 
0 0 0 0 0 0 0 0 -92.67150209658546 0 0 0 
0 0 0 0 0 0 0 0 -92.29110990971193 0 0 0 
0 0 0 0 0 0 0 0 -91.90148868875644 0 0 0 
0 0 0 0 0 0 0 0 -91.50267739551639 0 0 0 
0 0 0 0 0 0 0 0 -91.09471591078876 0 0 0 
0 0 0 0 0 0 0 0 -90.67764503038205 0 0 0 
0 0 0 0 0 0 0 0 -90.2515064610367 0 0 0 
0 0 0 0 0 0 0 0 -89.81634281625465 0 0 0 
0 0 0 0 0 0 0 0 -89.37219761203768 0 0 0 
0 0 0 0 0 0 0 0 -88.91911526253608 0 0 0 
0 0 0 0 0 0 0 0 -88.45714107560725 0 0 0 
0 0 0 0 0 0 0 0 -87.98632124828491 0 0 0 
0 0 0 0 0 0 0 0 -87.50670286215943 0 0 0 
0 0 0 0 0 0 0 0 -87.01833387866972 0 0 0 
0 0 0 0 0 0 0 0 -86.52126313430712 0 0 0 
0 0 0 0 0 0 0 0 -86.01554033573197 0 0 0 
0 0 0 0 0 0 0 0 -85.50121605480263 0 0 0 
0 0 0 0 0 0 0 0 -84.9783417235186 0 0 0 
0 0 0 0 0 0 0 0 -84.44696962887724 0 0 0 
0 0 0 0 0 0 0 0 -83.90715290764524 0 0 0 
